1  0
5  0
6  0
7 E46 0
8  0
13  0
14  0
15  0
17  0
19  0
21  0
25  0
27  0
28 C23 C25 C27 0
30  0
31  0
34  0
35  0
36  0
38  0
39  0
41  0
42  0
43  0
46  0
47  0
49  0
50  0
51  0
52  0
55 B30 0
58  0
60  0
61  0
63 C83 0
64  0
65  0
68  0
70  0
71  0
72  0
73  0
74  0
76 F G73 0
77  0
78  0
81  0
84  0
87  0
88  0
90  0
91  0
92  0
93 E31 0
94  0
95  0
96  0
97 A5 0
100  0
101  0
102  0
103 D26 0
104  0
105  0
106  0
109  0
111 C110 0
112  0
113  0
114  0
115  0
116  0
117  0
118  0
119 B58 B60 0
120  0
121  0
122  0
123  0
125 D26 0
127  0
130  0
131  0
132  0
133  0
135  0
136  0
138 C123 0
139  0
140 B86 0
141  0
144  0
145  0
146  0
148  0
149 F2 0
150  0
151  0
153  0
154  0
155  0
156  0
158  0
159  0
160  0
161  0
163  0
164  0
165  0
168  0
169  0
170  0
171 B19 0
172  0
174  0
175 A7 0
176  0
177  0
178 C49 0
179  0
180  0
181  0
182  0
183  0
186 A32 0
189  0
190  0
192  0
197  0
198  0
200  0
201  0
202  0
203  0
204  0
206 G6 0
207  0
211  0
213  0
214  0
215  0
218  0
220  0
222  0
223  0
224  0
226  0
228  0
229  0
230  0
232  0
233  0
235  0
236  0
237  0
239  0
240  0
241  0
243  0
244  0
245  0
246 C78 0
247  0
250  0
251  0
252 G6 0
253 C87 0
254  0
255  0
261  0
263 E67 0
264 B94 0
265  0
266  0
267  0
271  0
274 C118 0
277  0
278  0
279  0
281  0
282  0
283  0
285 A19 0
286  0
288  0
293 D 0
294  0
295  0
296  0
297  0
298 C22 C26 0
303  0
305  0
309  0
313  0
314  0
315  0
318  0
321  0
322  0
325  0
327  0
332 C124 0
333 C91 0
334  0
336  0
337 C2 0
340 T 0
343  0
344  0
345  0
350  0
351  0
352 C128 0
353  0
354  0
355  0
356  0
358  0
361  0
362  0
363  0
364  0
365  0
366  0
372  0
373  0
374  0
375  0
378 C82 0
379  0
380  0
383  0
385  0
386  0
387  0
389  0
393  0
396  0
397  0
398  0
399  0
402  0
403  0
404  0
405  0
406  0
407  0
409  0
410  0
411  0
412  0
414  0
416  0
419  0
420  0
421  0
422  0
423  0
424  0
425  0
426  0
429  0
434  0
435 E44 0
437  0
439 C23 C25 C27 0
440  0
442  0
443  0
451  0
452  0
453 C111 0
455  0
457 E38 0
460  0
462  0
463 E63 0
464  0
465  0
466  0
467  0
468  0
469  0
471  0
472  0
475  0
476 A14 0
477  0
478  0
479  0
481  0
482  0
483  0
486  0
488 B37 0
489  0
491  0
492  0
493 C30 0
494  0
495  0
496  0
498  0
499 C22 C26 0
500  0
501  0
502  0
503  0
504  0
506 C65 0
509  0
512  0
515  0
516 D46 0
518  0
520  0
522  0
523  0
525  0
526  0
528 C95 0
529  0
530  0
532  0
533  0
535  0
537 B38 0
539  0
542  0
543  0
545 C86 0
546  0
549  0
552  0
553  0
556  0
558  0
561  0
562  0
563  0
564  0
565  0
566  0
567  0
568  0
569  0
575  0
576  0
579  0
583  0
584 A10 0
585  0
587  0
589  0
590  0
591  0
593  0
594  0
595  0
596  0
598  0
599  0
602  0
603  0
604  0
606  0
607  0
611  0
612  0
614  0
615  0
617  0
618  0
620  0
621  0
624  0
625  0
626 D50 0
627  0
629  0
630  0
632  0
634  0
635  0
637  0
638  0
639  0
640  0
641  0
643  0
647  0
649  0
651  0
653  0
655  0
656  0
657  0
658  0
659  0
660 D48 0
662  0
663 E58 0
664  0
666  0
667  0
668  0
669  0
672 B71 0
673  0
675  0
676  0
677  0
679  0
681  0
683  0
684  0
685  0
686  0
687  0
688  0
689  0
694  0
695  0
696  0
697  0
699 C68 0
700 F G63 0
703  0
704  0
705  0
706  0
712 C124 0
714  0
715  0
716 F G73 0
719  0
720  0
722  0
723  0
724  0
726  0
729  0
730  0
732  0
733  0
734  0
735  0
736  0
737  0
739  0
740  0
742 C46 0
744  0
746 B22 0
747  0
749 D30 0
750  0
753  0
754  0
757  0
758  0
759  0
761  0
762  0
765  0
767  0
768  0
769  0
770  0
771  0
772  0
773 E77 0
774  0
776  0
777 F38 0
779  0
783 D6 0
784  0
785  0
786  0
788  0
790 B82 B84 0
791  0
792  0
793  0
794  0
795  0
796  0
799  0
800  0
801  0
806  0
807 A36 0
808  0
809  0
811  0
812  0
813  0
814  0
815  0
816 B102 0
817  0
818  0
819  0
820  0
823  0
825  0
826  0
827  0
833  0
834  0
835  0
837  0
838  0
841  0
842  0
844  0
845  0
846  0
847  0
848  0
849  0
851  0
852  0
853  0
855  0
860  0
861  0
862  0
864  0
865  0
868 A24 0
869  0
871  0
873 B51 B53 B55 0
874  0
877  0
878  0
879  0
882  0
883  0
884  0
885  0
886  0
887  0
889  0
891  0
2 C85 1
3  1
4 C123 1
9  1
10  1
11 G6 1
12 C103 1
16  1
18  1
20  1
22 D56 1
23  1
24 A6 1
26  1
29  1
32 B78 1
33  1
37  1
40  1
44  1
45  1
48  1
53 D33 1
54  1
56 C52 1
57  1
59  1
62 B28 1
66  1
67 F33 1
69  1
75  1
79  1
80  1
82  1
83  1
85  1
86  1
89 C23 C25 C27 1
98 D10 D12 1
99  1
107  1
108  1
110  1
124 E101 1
126  1
128  1
129 F E69 1
134  1
137 D47 1
142  1
143  1
147  1
152 C2 1
157  1
162  1
166  1
167 E33 1
173  1
184 F4 1
185  1
187  1
188  1
191  1
193  1
194 F2 1
195 B4 1
196 B80 1
199  1
205  1
208  1
209  1
210 A31 1
212  1
216 D36 1
217  1
219 D15 1
221  1
225 C93 1
227  1
231 C83 1
234  1
238  1
242  1
248  1
249 D35 1
256  1
257  1
258 B77 1
259  1
260  1
262  1
268  1
269 C125 1
270 C99 1
272  1
273  1
275  1
276 D7 1
280  1
284  1
287  1
289  1
290  1
291  1
292 B49 1
299 C106 1
300 B58 B60 1
301  1
302  1
304 E101 1
306 C22 C26 1
307  1
308 C65 1
310 E36 1
311 C54 1
312 B57 B59 B63 B66 1
316  1
317  1
319 C7 1
320 E34 1
323  1
324  1
326 C32 1
328 D 1
329  1
330 B18 1
331  1
335  1
338 E40 1
339  1
341 F2 1
342 C23 C25 C27 1
346 F33 1
347  1
348  1
349  1
357 E33 1
359  1
360  1
367 D37 1
368  1
369  1
370 B35 1
371 E50 1
376  1
377  1
381  1
382  1
384  1
388  1
390  1
391 B96 B98 1
392  1
394 D36 1
395 G6 1
400  1
401  1
408  1
413 C78 1
415  1
417  1
418  1
427  1
428  1
430 E10 1
431 C52 1
432  1
433  1
436 B96 B98 1
438  1
441  1
444  1
445  1
446 A34 1
447  1
448  1
449  1
450 C104 1
454 C92 1
456  1
458 D21 1
459  1
461 E12 1
470  1
473  1
474 D 1
480  1
484  1
485 B49 1
487 C93 1
490  1
497 D20 1
505 B79 1
507  1
508  1
510  1
511  1
513 E25 1
514  1
517 F33 1
519  1
521 B73 1
524 B18 1
527  1
531  1
534  1
536  1
538  1
540 B39 1
541 B22 1
544  1
547  1
548  1
550  1
551 C70 1
554  1
555  1
557 A16 1
559 E67 1
560  1
570  1
571  1
572 C101 1
573 E25 1
574  1
577  1
578 E44 1
580  1
581  1
582 C68 1
586 E68 1
588 B41 1
592 D20 1
597  1
600 A20 1
601  1
605  1
608  1
609  1
610 C125 1
613  1
616  1
619 F4 1
622 D19 1
623  1
628 D9 1
631 A23 1
633 B50 1
636  1
642 B35 1
644  1
645  1
646 D33 1
648 A26 1
650  1
652  1
654  1
661  1
665  1
670 C126 1
671  1
674  1
678  1
680 B51 B53 B55 1
682 D49 1
690 B5 1
691 B20 1
692  1
693  1
698  1
701 C62 C64 1
702 E24 1
707  1
708 E24 1
709  1
710  1
711 C90 1
713 C126 1
717 C45 1
718 E101 1
721  1
725 E8 1
727  1
728  1
731 B5 1
738 B101 1
741 D45 1
743 B57 B59 B63 B66 1
745  1
748  1
751  1
752 E121 1
755  1
756  1
760 B77 1
763  1
764 B96 B98 1
766 D11 1
775  1
778  1
780 B3 1
781  1
782 B20 1
787  1
789  1
797 D17 1
798  1
802  1
803 B96 B98 1
804  1
805  1
810 E8 1
821 B69 1
822  1
824 E121 1
828  1
829  1
830 B28 1
831  1
832  1
836 E49 1
839  1
840 C47 1
843  1
850 C92 1
854 D28 1
856  1
857  1
858 E17 1
859  1
863 D17 1
866  1
867  1
870  1
872 D35 1
875  1
876  1
880 C50 1
881  1
888 B42 1
890 C148 1
418
892  None
893  None
894  None
895  None
896  None
897  None
898  None
899  None
900  None
901  None
902  None
903  None
904 B45 None
905  None
906 E31 None
907  None
908  None
909  None
910  None
911  None
912  None
913  None
914  None
915  None
916 B57 B59 B63 B66 None
917  None
918 B36 None
919  None
920 A21 None
921  None
922  None
923  None
924  None
925  None
926 C78 None
927  None
928  None
929  None
930  None
931  None
932  None
933 D34 None
934  None
935  None
936 D19 None
937  None
938 A9 None
939  None
940 D15 None
941  None
942 C31 None
943  None
944  None
945 C23 C25 C27 None
946  None
947  None
948  None
949 F G63 None
950  None
951 B61 None
952  None
953  None
954  None
955  None
956 B57 B59 B63 B66 None
957  None
958  None
959  None
960 C53 None
961 C23 C25 C27 None
962  None
963  None
964  None
965 D43 None
966 C130 None
967 C132 None
968  None
969 C101 None
970  None
971  None
972  None
973 C55 C57 None
974  None
975  None
976  None
977  None
978  None
979  None
980  None
981  None
982  None
983  None
984 B71 None
985  None
986  None
987  None
988 C46 None
989  None
990  None
991  None
992 C116 None
993  None
994  None
995  None
996  None
997  None
998  None
999  None
1000  None
1001 F None
1002  None
1003  None
1004 A29 None
1005  None
1006 C55 C57 None
1007  None
1008  None
1009 G6 None
1010 C6 None
1011  None
1012  None
1013  None
1014 C28 None
1015  None
1016  None
1017  None
1018  None
1019  None
1020  None
1021  None
1022  None
1023 C51 None
1024  None
1025  None
1026  None
1027  None
1028  None
1029  None
1030  None
1031  None
1032  None
1033  None
1034 B57 B59 B63 B66 None
1035  None
1036  None
1037  None
1038 E46 None
1039  None
1040  None
1041  None
1042 C54 None
1043  None
1044  None
1045  None
1046  None
1047  None
1048 C97 None
1049  None
1050 D22 None
1051  None
1052  None
1053  None
1054  None
1055  None
1056  None
1057  None
1058 B10 None
1059  None
1060  None
1061  None
1062  None
1063  None
1064  None
1065  None
1066  None
1067  None
1068  None
1069 C116 None
1070 F4 None
1071 E45 None
1072  None
1073 E52 None
1074 D30 None
1075  None
1076 B58 B60 None
1077  None
1078  None
1079  None
1080  None
1081  None
1082  None
1083  None
1084  None
1085  None
1086  None
1087  None
1088 E34 None
1089  None
1090  None
1091  None
1092  None
1093  None
1094 C62 C64 None
1095  None
1096  None
1097  None
1098  None
1099  None
1100 A11 None
1101  None
1102  None
1103  None
1104  None
1105  None
1106  None
1107 B11 None
1108  None
1109  None
1110 C80 None
1111  None
1112  None
1113  None
1114 F33 None
1115  None
1116  None
1117  None
1118  None
1119  None
1120  None
1121  None
1122  None
1123  None
1124  None
1125  None
1126 C85 None
1127  None
1128 D37 None
1129  None
1130  None
1131 C86 None
1132  None
1133  None
1134 E34 None
1135  None
1136  None
1137 D21 None
1138  None
1139  None
1140  None
1141  None
1142  None
1143  None
1144 C89 None
1145  None
1146  None
1147  None
1148  None
1149  None
1150  None
1151  None
1152  None
1153  None
1154  None
1155  None
1156  None
1157  None
1158  None
1159  None
1160  None
1161  None
1162 C6 None
1163  None
1164 C89 None
1165  None
1166  None
1167  None
1168  None
1169  None
1170  None
1171  None
1172  None
1173  None
1174  None
1175  None
1176  None
1177  None
1178  None
1179 B45 None
1180 F E46 None
1181  None
1182  None
1183  None
1184  None
1185 A34 None
1186  None
1187  None
1188  None
1189  None
1190  None
1191  None
1192  None
1193 D None
1194  None
1195  None
1196  None
1197 B26 None
1198 C22 C26 None
1199  None
1200 B69 None
1201  None
1202  None
1203  None
1204  None
1205  None
1206 C32 None
1207  None
1208 B78 None
1209  None
1210  None
1211  None
1212  None
1213 F E57 None
1214 F2 None
1215  None
1216  None
1217  None
1218 F4 None
1219  None
1220  None
1221  None
1222  None
1223 A18 None
1224  None
1225  None
1226  None
1227 C106 None
1228  None
1229  None
1230  None
1231  None
1232  None
1233  None
1234  None
1235 B51 B53 B55 None
1236  None
1237  None
1238  None
1239  None
1240  None
1241  None
1242 D10 D12 None
1243  None
1244  None
1245  None
1246  None
1247 E60 None
1248 C101 None
1249  None
1250  None
1251  None
1252  None
1253  None
1254  None
1255  None
1256 E50 None
1257  None
1258  None
1259  None
1260  None
1261  None
1262  None
1263 E39 E41 None
1264 B52 B54 B56 None
1265  None
1266 A34 None
1267  None
1268  None
1269  None
1270 C39 None
1271  None
1272  None
1273  None
1274  None
1275  None
1276  None
1277  None
1278  None
1279  None
1280  None
1281  None
1282 B24 None
1283 D28 None
1284  None
1285  None
1286  None
1287 C31 None
1288  None
1289 B41 None
1290  None
1291  None
1292 C7 None
1293  None
1294  None
1295  None
1296 D40 None
1297 D38 None
1298  None
1299 C80 None
1300  None
1301  None
1302  None
1303 C78 None
1304  None
1305  None
1306 C105 None
1307  None
1308  None
1309  None
Created file: negative-.pk with 549 examples
Created File: positive-.pk with 342 examples
Created File: test-.pk with 418 examples
