1 A/5 21171 0
5 373450 0
6 330877 0
7 17463 0
8 349909 0
13 A/5. 2151 0
14 347082 0
15 350406 0
17 382652 0
19 345763 0
21 239865 0
25 349909 0
27 2631 0
28 19950 0
30 349216 0
31 PC 17601 0
34 C.A. 24579 0
35 PC 17604 0
36 113789 0
38 A./5. 2152 0
39 345764 0
41 7546 0
42 11668 0
43 349253 0
46 S.C./A.4. 23567 0
47 370371 0
49 2662 0
50 349237 0
51 3101295 0
52 A/4. 39886 0
55 113509 0
58 2697 0
60 CA 2144 0
61 2669 0
63 36973 0
64 347088 0
65 PC 17605 0
68 S.P. 3464 0
70 315151 0
71 C.A. 33111 0
72 CA 2144 0
73 S.O.C. 14879 0
74 2680 0
76 348123 0
77 349208 0
78 374746 0
81 345767 0
84 113059 0
87 W./C. 6608 0
88 SOTON/OQ 392086 0
90 343275 0
91 343276 0
92 347466 0
93 W.E.P. 5734 0
94 C.A. 2315 0
95 364500 0
96 374910 0
97 PC 17754 0
100 244367 0
101 349245 0
102 349215 0
103 35281 0
104 7540 0
105 3101276 0
106 349207 0
109 349249 0
111 110465 0
112 2665 0
113 324669 0
114 4136 0
115 2627 0
116 STON/O 2. 3101294 0
117 370369 0
118 11668 0
119 PC 17558 0
120 347082 0
121 S.O.C. 14879 0
122 A4. 54510 0
123 237736 0
125 35281 0
127 370372 0
130 347061 0
131 349241 0
132 SOTON/O.Q. 3101307 0
133 A/5. 3337 0
135 C.A. 29178 0
136 SC/PARIS 2133 0
138 113803 0
139 7534 0
140 PC 17593 0
141 2678 0
144 365222 0
145 231945 0
146 C.A. 33112 0
148 W./C. 6608 0
149 230080 0
150 244310 0
151 S.O.P. 1166 0
153 A.5. 11206 0
154 A/5. 851 0
155 Fa 265302 0
156 PC 17597 0
158 SOTON/OQ 392090 0
159 315037 0
160 CA. 2343 0
161 371362 0
163 347068 0
164 315093 0
165 3101295 0
168 347088 0
169 PC 17318 0
170 1601 0
171 111240 0
172 382652 0
174 STON/O 2. 3101280 0
175 17764 0
176 350404 0
177 4133 0
178 PC 17595 0
179 250653 0
180 LINE 0
181 CA. 2343 0
182 SC/PARIS 2131 0
183 347077 0
186 113767 0
189 364849 0
190 349247 0
192 28424 0
197 368703 0
198 4579 0
200 248747 0
201 345770 0
202 CA. 2343 0
203 3101264 0
204 2628 0
206 347054 0
207 3101278 0
211 SOTON/O.Q. 3101311 0
213 A/5 21174 0
214 250646 0
215 367229 0
218 243847 0
220 W/C 14208 0
222 220367 0
223 21440 0
224 349234 0
226 PP 4348 0
228 A/5 21173 0
229 236171 0
230 4133 0
232 347067 0
233 237442 0
235 C.A. 29566 0
236 W./C. 6609 0
237 26707 0
239 28665 0
240 SCO/W 1585 0
241 2665 0
243 W./C. 14263 0
244 STON/O 2. 3101275 0
245 2694 0
246 19928 0
247 347071 0
250 244252 0
251 362316 0
252 347054 0
253 113514 0
254 A/5. 3336 0
255 370129 0
261 384461 0
263 110413 0
264 112059 0
265 382649 0
266 C.A. 17248 0
267 3101295 0
271 113798 0
274 PC 17596 0
277 347073 0
278 239853 0
279 382652 0
281 336439 0
282 347464 0
283 345778 0
285 113056 0
286 349239 0
288 349206 0
293 SC/Paris 2163 0
294 349236 0
295 349233 0
296 PC 17612 0
297 2693 0
298 113781 0
303 LINE 0
305 A/5 2466 0
309 P/PP 3381 0
313 250651 0
314 349243 0
315 F.C.C. 13529 0
318 29011 0
321 A/5 21172 0
322 349219 0
325 CA. 2343 0
327 345364 0
332 113043 0
333 PC 17582 0
334 345764 0
336 349225 0
337 113776 0
340 113784 0
343 248740 0
344 244361 0
345 229236 0
350 315088 0
351 7267 0
352 113510 0
353 2695 0
354 349237 0
355 2647 0
356 345783 0
358 237671 0
361 347088 0
362 SC/PARIS 2167 0
363 2691 0
364 SOTON/O.Q. 3101310 0
365 370365 0
366 C 7076 0
372 3101267 0
373 323951 0
374 PC 17760 0
375 349909 0
378 113503 0
379 2648 0
380 347069 0
383 STON/O 2. 3101293 0
385 349227 0
386 S.O.C. 14879 0
387 CA 2144 0
389 367655 0
393 3101277 0
396 350052 0
397 350407 0
398 28403 0
399 244278 0
402 341826 0
403 4137 0
404 STON/O2. 3101279 0
405 315096 0
406 28664 0
407 347064 0
409 312992 0
410 4133 0
411 349222 0
412 394140 0
414 239853 0
416 343095 0
419 28228 0
420 345773 0
421 349254 0
422 A/5. 13032 0
423 315082 0
424 347080 0
425 370129 0
426 A/4. 34244 0
429 364851 0
434 STON/O 2. 3101274 0
435 13507 0
437 W./C. 6608 0
439 19950 0
440 C.A. 18723 0
442 345769 0
443 347076 0
451 C.A. 34651 0
452 65303 0
453 113051 0
455 A/5 2817 0
457 13509 0
460 371060 0
462 364506 0
463 111320 0
464 234360 0
465 A/S 2816 0
466 SOTON/O.Q. 3101306 0
467 239853 0
468 113792 0
469 36209 0
471 323592 0
472 315089 0
475 7553 0
476 110465 0
477 31027 0
478 3460 0
479 350060 0
481 CA 2144 0
482 239854 0
483 A/5 3594 0
486 4133 0
488 11771 0
489 A.5. 18509 0
491 65304 0
492 SOTON/OQ 3101317 0
493 113787 0
494 PC 17609 0
495 A/4 45380 0
496 2627 0
498 C.A. 6212 0
499 113781 0
500 350035 0
501 315086 0
502 364846 0
503 330909 0
504 4135 0
506 PC 17758 0
509 C 4001 0
512 SOTON/OQ 3101316 0
515 349209 0
516 36967 0
518 371110 0
520 349242 0
522 349252 0
523 2624 0
525 2700 0
526 367232 0
528 PC 17483 0
529 3101296 0
530 29104 0
532 2641 0
533 2690 0
535 315084 0
537 113050 0
539 364498 0
542 347082 0
543 347082 0
545 PC 17761 0
546 693 0
549 363291 0
552 244358 0
553 330979 0
556 113807 0
558 PC 17757 0
561 372622 0
562 349251 0
563 218629 0
564 SOTON/OQ 392082 0
565 SOTON/O.Q. 392087 0
566 A/4 48871 0
567 349205 0
568 349909 0
569 2686 0
575 A/4. 20589 0
576 358585 0
579 2689 0
583 28403 0
584 13049 0
585 3411 0
587 237565 0
589 14973 0
590 A./5. 3235 0
591 STON/O 2. 3101273 0
593 A/5 3902 0
594 364848 0
595 SC/AH 29037 0
596 345773 0
598 LINE 0
599 2664 0
602 349214 0
603 113796 0
604 364511 0
606 349910 0
607 349246 0
611 347082 0
612 SOTON/O.Q. 3101305 0
614 370377 0
615 364512 0
617 347080 0
618 A/5. 3336 0
620 31028 0
621 2659 0
624 350029 0
625 54636 0
626 36963 0
627 219533 0
629 349224 0
630 334912 0
632 347743 0
634 112052 0
635 347088 0
637 STON/O 2. 3101292 0
638 C.A. 31921 0
639 3101295 0
640 376564 0
641 350050 0
643 347088 0
647 349231 0
649 S.O./P.P. 751 0
651 349221 0
653 8475 0
655 365226 0
656 S.O.C. 14879 0
657 349223 0
658 364849 0
659 29751 0
660 35273 0
662 2623 0
663 5727 0
664 349210 0
666 S.O.C. 14879 0
667 234686 0
668 312993 0
669 A/5 3536 0
672 F.C. 12750 0
673 C.A. 24580 0
675 239856 0
676 349912 0
677 342826 0
679 CA 2144 0
681 330935 0
683 6563 0
684 CA 2144 0
685 29750 0
686 SC/Paris 2123 0
687 3101295 0
688 349228 0
689 350036 0
694 2672 0
695 113800 0
696 248731 0
697 363592 0
699 17421 0
700 348121 0
703 2691 0
704 36864 0
705 350025 0
706 250655 0
712 113028 0
714 7545 0
715 250647 0
716 348124 0
719 36568 0
720 347062 0
722 350048 0
723 12233 0
724 250643 0
726 315094 0
729 236853 0
730 STON/O2. 3101271 0
732 2699 0
733 239855 0
734 28425 0
735 233639 0
736 54636 0
737 W./C. 6608 0
739 349201 0
740 349218 0
742 19877 0
744 376566 0
746 WE/P 5735 0
747 C.A. 2673 0
749 113773 0
750 335097 0
753 345780 0
754 349204 0
757 350042 0
758 29108 0
759 363294 0
761 358585 0
762 SOTON/O2 3101272 0
765 347074 0
767 112379 0
768 364850 0
769 371110 0
770 8471 0
771 345781 0
772 350047 0
773 S.O./P.P. 3 0
774 2674 0
776 347078 0
777 383121 0
779 36865 0
783 113501 0
784 W./C. 6607 0
785 SOTON/O.Q. 3101312 0
786 374887 0
788 382652 0
790 PC 17593 0
791 12460 0
792 239865 0
793 CA. 2343 0
794 PC 17600 0
795 349203 0
796 28213 0
799 2685 0
800 345773 0
801 250647 0
806 347063 0
807 112050 0
808 347087 0
809 248723 0
811 3474 0
812 A/4 48871 0
813 28206 0
814 347082 0
815 364499 0
816 112058 0
817 STON/O2. 3101290 0
818 S.C./PARIS 2079 0
819 C 7075 0
820 347088 0
823 19972 0
825 3101295 0
826 368323 0
827 1601 0
833 2671 0
834 347468 0
835 2223 0
837 315097 0
838 392092 0
841 SOTON/O2 3101287 0
842 S.O./P.P. 3 0
844 2683 0
845 315090 0
846 C.A. 5547 0
847 CA. 2343 0
848 349213 0
849 248727 0
851 347082 0
852 347060 0
853 2678 0
855 244252 0
860 2629 0
861 350026 0
862 28134 0
864 CA. 2343 0
865 233866 0
868 PC 17590 0
869 345777 0
871 349248 0
873 695 0
874 345765 0
877 7534 0
878 349212 0
879 349217 0
882 349257 0
883 7552 0
884 C.A./SOTON 34068 0
885 SOTON/OQ 392076 0
886 382652 0
887 211536 0
889 W./C. 6607 0
891 370376 0
2 PC 17599 1
3 STON/O2. 3101282 1
4 113803 1
9 347742 1
10 237736 1
11 PP 9549 1
12 113783 1
16 248706 1
18 244373 1
20 2649 1
22 248698 1
23 330923 1
24 113788 1
26 347077 1
29 330959 1
32 PC 17569 1
33 335677 1
37 2677 1
40 2651 1
44 SC/Paris 2123 1
45 330958 1
48 14311 1
53 PC 17572 1
54 2926 1
56 19947 1
57 C.A. 31026 1
59 C.A. 34651 1
62 113572 1
66 2661 1
67 C.A. 29395 1
69 3101281 1
75 1601 1
79 248738 1
80 364516 1
82 345779 1
83 330932 1
85 SO/C 14885 1
86 3101278 1
89 19950 1
98 PC 17759 1
99 231919 1
107 343120 1
108 312991 1
110 371110 1
124 27267 1
126 2651 1
128 C 17369 1
129 2668 1
134 228414 1
137 11752 1
142 347081 1
143 STON/O2. 3101279 1
147 350043 1
152 113776 1
157 35851 1
162 C.A. 33595 1
166 363291 1
167 113505 1
173 347742 1
184 230136 1
185 315153 1
187 370365 1
188 111428 1
191 234604 1
193 350046 1
194 230080 1
195 PC 17610 1
196 PC 17569 1
199 370370 1
205 A/5 3540 1
208 2699 1
209 367231 1
210 112277 1
212 F.C.C. 13528 1
216 35273 1
217 STON/O2. 3101283 1
219 11813 1
221 SOTON/OQ 392089 1
225 19943 1
227 SW/PP 751 1
231 36973 1
234 347077 1
238 C.A. 31921 1
242 367230 1
248 250649 1
249 11751 1
256 2650 1
257 PC 17585 1
258 110152 1
259 PC 17755 1
260 230433 1
262 347077 1
268 347083 1
269 PC 17582 1
270 PC 17760 1
272 LINE 1
273 250644 1
275 370375 1
276 13502 1
280 C.A. 2673 1
284 A/5. 10482 1
287 345774 1
289 237798 1
290 370373 1
291 19877 1
292 11967 1
299 19988 1
300 PC 17558 1
301 9234 1
302 367226 1
304 226593 1
306 113781 1
307 17421 1
308 PC 17758 1
310 PC 17485 1
311 11767 1
312 PC 17608 1
316 347470 1
317 244367 1
319 36928 1
320 16966 1
323 234818 1
324 248738 1
326 PC 17760 1
328 28551 1
329 363291 1
330 111361 1
331 367226 1
335 PC 17611 1
338 16966 1
339 7598 1
341 230080 1
342 19950 1
346 248733 1
347 31418 1
348 386525 1
349 C.A. 37671 1
357 113505 1
359 330931 1
360 330980 1
367 110813 1
368 2626 1
369 14313 1
370 PC 17477 1
371 11765 1
376 PC 17604 1
377 C 7077 1
381 PC 17757 1
382 2653 1
384 113789 1
388 27849 1
390 SC 1748 1
391 113760 1
392 350034 1
394 35273 1
395 PP 9549 1
400 240929 1
401 STON/O 2. 3101289 1
408 29106 1
413 19928 1
415 STON/O 2. 3101269 1
417 28220 1
418 250652 1
427 2003 1
428 250655 1
430 SOTON/O.Q. 392078 1
431 110564 1
432 376564 1
433 SC/AH 3085 1
436 113760 1
438 29106 1
441 F.C.C. 13529 1
444 230434 1
445 65306 1
446 33638 1
447 250644 1
448 113794 1
449 2666 1
450 113786 1
454 17453 1
456 349240 1
458 17464 1
459 F.C.C. 13531 1
461 19952 1
470 2666 1
473 C.A. 34651 1
474 SC/AH Basle 541 1
480 3101298 1
484 4134 1
485 11967 1
487 19943 1
490 C.A. 37671 1
497 36947 1
505 110152 1
507 26360 1
508 111427 1
510 1601 1
511 382651 1
513 PC 17473 1
514 PC 17603 1
517 C.A. 34260 1
519 226875 1
521 12749 1
524 111361 1
527 W./C. 14258 1
531 26360 1
534 2668 1
536 F.C.C. 13529 1
538 PC 17761 1
540 13568 1
541 WE/P 5735 1
544 2908 1
547 2908 1
548 SC/PARIS 2146 1
550 C.A. 33112 1
551 17421 1
554 2620 1
555 347085 1
557 11755 1
559 110413 1
560 345572 1
570 350417 1
571 S.W./PP 752 1
572 11769 1
573 PC 17474 1
574 14312 1
577 243880 1
578 13507 1
580 STON/O 2. 3101286 1
581 237789 1
582 17421 1
586 110413 1
588 13567 1
592 36947 1
597 248727 1
600 PC 17485 1
601 243847 1
605 111426 1
608 113804 1
609 SC/Paris 2123 1
610 PC 17582 1
613 367230 1
616 220845 1
619 230136 1
622 11753 1
623 2653 1
628 13502 1
631 27042 1
633 13214 1
636 237668 1
642 PC 17477 1
644 1601 1
645 2666 1
646 PC 17572 1
648 13213 1
650 CA. 2314 1
652 231919 1
654 330919 1
661 PC 17611 1
665 STON/O 2. 3101285 1
670 19996 1
671 29750 1
674 244270 1
678 4138 1
680 PC 17755 1
682 PC 17572 1
690 24160 1
691 17474 1
692 349256 1
693 1601 1
698 35852 1
701 PC 17757 1
702 PC 17475 1
707 223596 1
708 PC 17476 1
709 113781 1
710 2661 1
711 PC 17482 1
713 19996 1
717 PC 17757 1
718 34218 1
721 248727 1
725 113806 1
727 31027 1
728 36866 1
731 24160 1
738 PC 17755 1
741 16988 1
743 PC 17608 1
745 STON/O 2. 3101288 1
748 250648 1
751 29103 1
752 392096 1
755 220845 1
756 250649 1
760 110152 1
763 2663 1
764 113760 1
766 13502 1
775 29105 1
778 364516 1
780 24160 1
781 2687 1
782 17474 1
787 3101265 1
789 C.A. 2315 1
797 17465 1
798 349244 1
802 C.A. 31921 1
803 113760 1
804 2625 1
805 347089 1
810 113806 1
821 12749 1
822 315098 1
824 392096 1
828 S.C./PARIS 2079 1
829 367228 1
830 113572 1
831 2659 1
832 29106 1
836 PC 17756 1
839 1601 1
840 11774 1
843 113798 1
850 17453 1
854 PC 17592 1
856 392091 1
857 36928 1
858 113055 1
859 2666 1
863 17466 1
866 236852 1
867 SC/PARIS 2149 1
870 347742 1
872 11751 1
875 P/PP 3381 1
876 2667 1
880 11767 1
881 230433 1
888 112053 1
890 111369 1
418
892 330911 None
893 363272 None
894 240276 None
895 315154 None
896 3101298 None
897 7538 None
898 330972 None
899 248738 None
900 2657 None
901 A/4 48871 None
902 349220 None
903 694 None
904 21228 None
905 24065 None
906 W.E.P. 5734 None
907 SC/PARIS 2167 None
908 233734 None
909 2692 None
910 STON/O2. 3101270 None
911 2696 None
912 PC 17603 None
913 C 17368 None
914 PC 17598 None
915 PC 17597 None
916 PC 17608 None
917 A/5. 3337 None
918 113509 None
919 2698 None
920 113054 None
921 2662 None
922 SC/AH 3085 None
923 C.A. 31029 None
924 C.A. 2315 None
925 W./C. 6607 None
926 13236 None
927 2682 None
928 342712 None
929 315087 None
930 345768 None
931 1601 None
932 349256 None
933 113778 None
934 SOTON/O.Q. 3101263 None
935 237249 None
936 11753 None
937 STON/O 2. 3101291 None
938 PC 17594 None
939 370374 None
940 11813 None
941 C.A. 37671 None
942 13695 None
943 SC/PARIS 2168 None
944 29105 None
945 19950 None
946 SC/A.3 2861 None
947 382652 None
948 349230 None
949 348122 None
950 386525 None
951 PC 17608 None
952 349232 None
953 237216 None
954 347090 None
955 334914 None
956 PC 17608 None
957 F.C.C. 13534 None
958 330963 None
959 113796 None
960 2543 None
961 19950 None
962 382653 None
963 349211 None
964 3101297 None
965 PC 17562 None
966 113503 None
967 113503 None
968 359306 None
969 11770 None
970 248744 None
971 368702 None
972 2678 None
973 PC 17483 None
974 19924 None
975 349238 None
976 240261 None
977 2660 None
978 330844 None
979 A/4 31416 None
980 364856 None
981 29103 None
982 347072 None
983 345498 None
984 F.C. 12750 None
985 376563 None
986 13905 None
987 350033 None
988 19877 None
989 STON/O 2. 3101268 None
990 347471 None
991 A./5. 3338 None
992 11778 None
993 228414 None
994 365235 None
995 347070 None
996 2625 None
997 C 4001 None
998 330920 None
999 383162 None
1000 3410 None
1001 248734 None
1002 237734 None
1003 330968 None
1004 PC 17531 None
1005 329944 None
1006 PC 17483 None
1007 2680 None
1008 2681 None
1009 PP 9549 None
1010 13050 None
1011 SC/AH 29037 None
1012 C.A. 33595 None
1013 367227 None
1014 13236 None
1015 392095 None
1016 368783 None
1017 371362 None
1018 350045 None
1019 367226 None
1020 211535 None
1021 342441 None
1022 STON/OQ. 369943 None
1023 113780 None
1024 4133 None
1025 2621 None
1026 349226 None
1027 350409 None
1028 2656 None
1029 248659 None
1030 SOTON/OQ 392083 None
1031 CA 2144 None
1032 CA 2144 None
1033 113781 None
1034 PC 17608 None
1035 244358 None
1036 17475 None
1037 345763 None
1038 17463 None
1039 SC/A4 23568 None
1040 113791 None
1041 250651 None
1042 11767 None
1043 349255 None
1044 3701 None
1045 350405 None
1046 347077 None
1047 S.O./P.P. 752 None
1048 PC 17483 None
1049 347469 None
1050 110489 None
1051 SOTON/O.Q. 3101315 None
1052 335432 None
1053 2650 None
1054 220844 None
1055 343271 None
1056 237393 None
1057 315153 None
1058 PC 17591 None
1059 W./C. 6608 None
1060 17770 None
1061 7548 None
1062 S.O./P.P. 251 None
1063 2670 None
1064 347072 None
1065 2673 None
1066 347077 None
1067 29750 None
1068 C.A. 33112 None
1069 11778 None
1070 230136 None
1071 PC 17756 None
1072 233478 None
1073 PC 17756 None
1074 113773 None
1075 7935 None
1076 PC 17558 None
1077 239059 None
1078 S.O./P.P. 2 None
1079 A/4 48873 None
1080 CA. 2343 None
1081 28221 None
1082 226875 None
1083 111163 None
1084 A/5. 851 None
1085 235509 None
1086 28220 None
1087 347465 None
1088 16966 None
1089 347066 None
1090 C.A. 31030 None
1091 65305 None
1092 36568 None
1093 347080 None
1094 PC 17757 None
1095 26360 None
1096 C.A. 34050 None
1097 F.C. 12998 None
1098 9232 None
1099 28034 None
1100 PC 17613 None
1101 349250 None
1102 C 4001 None
1103 SOTON/O.Q. 3101308 None
1104 S.O.C. 14879 None
1105 24065 None
1106 347091 None
1107 113038 None
1108 330924 None
1109 36928 None
1110 113503 None
1111 32302 None
1112 SC/PARIS 2148 None
1113 342684 None
1114 W./C. 14266 None
1115 350053 None
1116 PC 17606 None
1117 2661 None
1118 350054 None
1119 370368 None
1120 C.A. 6212 None
1121 242963 None
1122 220845 None
1123 113795 None
1124 3101266 None
1125 330971 None
1126 PC 17599 None
1127 350416 None
1128 110813 None
1129 2679 None
1130 250650 None
1131 PC 17761 None
1132 112377 None
1133 237789 None
1134 16966 None
1135 3470 None
1136 W./C. 6607 None
1137 17464 None
1138 F.C.C. 13534 None
1139 28220 None
1140 26707 None
1141 2660 None
1142 C.A. 34651 None
1143 SOTON/O2 3101284 None
1144 13508 None
1145 7266 None
1146 345775 None
1147 C.A. 42795 None
1148 AQ/4 3130 None
1149 363611 None
1150 28404 None
1151 345501 None
1152 345572 None
1153 350410 None
1154 29103 None
1155 350405 None
1156 C.A. 34644 None
1157 349235 None
1158 112051 None
1159 C.A. 49867 None
1160 A. 2. 39186 None
1161 315095 None
1162 13050 None
1163 368573 None
1164 13508 None
1165 370371 None
1166 2676 None
1167 236853 None
1168 SC 14888 None
1169 2926 None
1170 CA 31352 None
1171 W./C. 14260 None
1172 315085 None
1173 SOTON/O.Q. 3101315 None
1174 364859 None
1175 2650 None
1176 370129 None
1177 A/5 21175 None
1178 SOTON/O.Q. 3101314 None
1179 21228 None
1180 2655 None
1181 A/5 1478 None
1182 PC 17607 None
1183 382650 None
1184 2652 None
1185 33638 None
1186 345771 None
1187 349202 None
1188 SC/Paris 2123 None
1189 2662 None
1190 113801 None
1191 347467 None
1192 347079 None
1193 237735 None
1194 S.O./P.P. 2 None
1195 315092 None
1196 383123 None
1197 112901 None
1198 113781 None
1199 392091 None
1200 12749 None
1201 350026 None
1202 315091 None
1203 2658 None
1204 LP 1588 None
1205 368364 None
1206 PC 17760 None
1207 AQ/3. 30631 None
1208 PC 17569 None
1209 28004 None
1210 350408 None
1211 C.A. 31029 None
1212 347075 None
1213 2654 None
1214 244368 None
1215 113790 None
1216 24160 None
1217 SOTON/O.Q. 3101309 None
1218 230136 None
1219 PC 17585 None
1220 2003 None
1221 236854 None
1222 C.A. 33112 None
1223 PC 17580 None
1224 2684 None
1225 2653 None
1226 349229 None
1227 110469 None
1228 244360 None
1229 2675 None
1230 C.A. 31029 None
1231 2622 None
1232 C.A. 15185 None
1233 350403 None
1234 CA. 2343 None
1235 PC 17755 None
1236 A/5. 851 None
1237 348125 None
1238 237670 None
1239 2688 None
1240 248726 None
1241 F.C.C. 13528 None
1242 PC 17759 None
1243 F.C.C. 13540 None
1244 S.O.C. 14879 None
1245 220845 None
1246 C.A. 2315 None
1247 113044 None
1248 11769 None
1249 1222 None
1250 368402 None
1251 349910 None
1252 CA. 2343 None
1253 S.C./PARIS 2079 None
1254 CA 31352 None
1255 315083 None
1256 11765 None
1257 CA. 2343 None
1258 2689 None
1259 3101295 None
1260 112378 None
1261 SC/PARIS 2147 None
1262 28133 None
1263 16966 None
1264 112058 None
1265 248746 None
1266 33638 None
1267 PC 17608 None
1268 315152 None
1269 29107 None
1270 680 None
1271 347077 None
1272 366713 None
1273 330910 None
1274 364498 None
1275 376566 None
1276 SC/PARIS 2159 None
1277 220845 None
1278 349911 None
1279 244346 None
1280 364858 None
1281 349909 None
1282 12749 None
1283 PC 17592 None
1284 C.A. 2673 None
1285 C.A. 30769 None
1286 315153 None
1287 13695 None
1288 371109 None
1289 13567 None
1290 347065 None
1291 21332 None
1292 36928 None
1293 28664 None
1294 112378 None
1295 113059 None
1296 17765 None
1297 SC/PARIS 2166 None
1298 28666 None
1299 113503 None
1300 334915 None
1301 SOTON/O.Q. 3101315 None
1302 365237 None
1303 19928 None
1304 347086 None
1305 A.5. 3236 None
1306 PC 17758 None
1307 SOTON/O.Q. 3101262 None
1308 359309 None
1309 2668 None
Created file: negative-.pk with 549 examples
Created File: positive-.pk with 342 examples
Created File: test-.pk with 418 examples
